Time,header.seq,header.stamp.secs,header.stamp.nsecs,header.frame_id,pose.pose.position.x,pose.pose.position.y,pose.pose.position.z,pose.pose.orientation.x,pose.pose.orientation.y,pose.pose.orientation.z,pose.pose.orientation.w,pose.covariance
1745255557.0668316,0,1403636584,463555574,,0.4788778996394454,0.17182464604914943,-0.3356200991628162,0.03726037862582218,0.8340848546748246,0.032019988813840085,-0.5494441188174632,"(0.004086273413361062, -0.01125250548323247, 1.6586155742000798e-05, 0.016855771745160238, 0.00022737766637529868, -0.007230942344562779, -0.01125250548323247, 0.03832174784132687, 3.6457380193986705e-06, -0.056408387606509604, -0.000765487535223205, 0.02419403188333013, 1.6586155742000798e-05, 3.6457380193986705e-06, 0.0006555177135376929, -4.0068586267219894e-07, 6.414264529973798e-06, 2.7362036917172464e-06, 0.016855771745160238, -0.056408387606509604, -4.0068586267219894e-07, 0.0844566892528925, 0.0011459394604921408, -0.036223648849763423, 0.00022737766637529868, -0.000765487535223205, 6.414264529973798e-06, 0.001145939460492141, 2.1192073971205022e-05, -0.0004912434435386432, -0.007230942344562779, 0.02419403188333013, 2.7362036917172464e-06, -0.036223648849763423, -0.0004912434435386432, 0.015543007359031533)"
1745255557.120553,1,1403636584,513555527,,0.48903391243144123,0.17327843921582617,-0.2952246225827884,0.03729677771204793,0.831341417836149,0.03418346472886493,-0.5534545040937063,"(0.004226411674248467, -0.011740332277253136, 1.7427931685428637e-05, 0.017253702766088883, 0.00028923131055157966, -0.007199865205040635, -0.011740332277253136, 0.04010358801885887, 4.8790659240148155e-06, -0.057964092022393936, -0.000976688462112383, 0.024185379795786784, 1.7427931685428637e-05, 4.8790659240148155e-06, 0.0006628028330995571, -6.505653330457084e-07, 6.547526396154148e-06, 2.6730055531445964e-06, 0.017253702766088883, -0.057964092022393936, -6.505653330457084e-07, 0.0851596646345095, 0.0014350863472739129, -0.03553145883482408, 0.00028923131055157966, -0.000976688462112383, 6.547526396154148e-06, 0.0014350863472739129, 2.9853640203819513e-05, -0.0005985702785528749, -0.007199865205040635, 0.024185379795786784, 2.6730055531445964e-06, -0.03553145883482407, -0.0005985702785528749, 0.014831353808851939)"
1745255557.1770866,2,1403636584,563555479,,0.5025584537038904,0.17676454273418588,-0.2555652499638427,0.03856180199568501,0.8274366190260418,0.03535477462534052,-0.5591168650942216,"(0.0043327301634924304, -0.012170667360016155, 1.7152214897136074e-05, 0.017584519965502306, 0.00028941032178908646, -0.0070546589118830084, -0.012170667360016155, 0.04192891966287143, 5.639971473196209e-06, -0.05962279051809349, -0.0009881978592244068, 0.023917780538910225, 1.7152214897136074e-05, 5.639971473196209e-06, 0.0006707286941117282, -8.073277073273346e-07, 6.830418404831394e-06, 2.672785685577069e-06, 0.017584519965502306, -0.05962279051809349, -8.073277073273346e-07, 0.08612674315130575, 0.001427817679983609, -0.03454833113167209, 0.00028941032178908646, -0.0009881978592244068, 6.830418404831394e-06, 0.001427817679983609, 2.9413665443899e-05, -0.0005725620145209725, -0.0070546589118830084, 0.023917780538910225, 2.672785685577069e-06, -0.03454833113167209, -0.0005725620145209724, 0.013864815096547705)"
1745255557.2209466,3,1403636584,613555431,,0.5079183544403936,0.17887978489703818,-0.21035019978827188,0.04045634734859752,0.822692382031439,0.03732798794019142,-0.5658154732975967,"(0.004454215402558671, -0.012641076088033656, 1.794819576462451e-05, 0.017971185092017346, 0.0002984369813850846, -0.006867638203636484, -0.012641076088033656, 0.043832194375806516, 6.846235495744924e-06, -0.06137424593479451, -0.0010268802841365986, 0.023453060054047965, 1.794819576462451e-05, 6.846235495744924e-06, 0.0006781721842942345, -1.038821610647617e-06, 6.927526785454318e-06, 2.620006028778501e-06, 0.017971185092017346, -0.06137424593479451, -1.038821610647617e-06, 0.08724592976112337, 0.0014604290614600392, -0.03333767417796262, 0.0002984369813850846, -0.0010268802841365986, 6.927526785454318e-06, 0.0014604290614600392, 3.0215593180023748e-05, -0.0005579014474972234, -0.006867638203636484, 0.023453060054047965, 2.620006028778501e-06, -0.03333767417796263, -0.0005579014474972234, 0.01274491561675797)"
1745255557.2696617,4,1403636584,663555384,,0.517090531651442,0.18182434579744805,-0.16911912738814447,0.04333102538819819,0.816746650312477,0.04007045795950053,-0.5739701123238665,"(0.004560538763956592, -0.013089817832118456, 1.8101161689238894e-05, 0.01833830626124913, 0.00030334882103686404, -0.006584978022522996, -0.013089817832118456, 0.04579147232524567, 7.443106095523199e-06, -0.06322157804585608, -0.0010548901571649305, 0.022700795952033108, 1.8101161689238894e-05, 7.443106095523199e-06, 0.0006862184985456634, -1.1573425168551937e-06, 7.117678565025999e-06, 2.6720979994924957e-06, 0.01833830626124913, -0.06322157804585608, -1.1573425168551937e-06, 0.08856694123552676, 0.0014785885058302608, -0.03179980337174247, 0.00030334882103686404, -0.0010548901571649305, 7.117678565025999e-06, 0.0014785885058302606, 3.0501557103241578e-05, -0.0005307390594154498, -0.006584978022522996, 0.022700795952033108, 2.6720979994924957e-06, -0.03179980337174247, -0.0005307390594154498, 0.011423800719747496)"
1745255557.3272672,5,1403636584,713555574,,0.5230726750833962,0.1845106498648735,-0.12766652654016522,0.04507610389156546,0.810600089135709,0.04294841632417479,-0.5822809235123395,"(0.004664394336128212, -0.013556939510877195, 1.8853858331042805e-05, 0.018698399616363628, 0.00033491032124015194, -0.006277466573972489, -0.013556939510877195, 0.04790299064637363, 7.900349262610802e-06, -0.06514920660893493, -0.0011768213994962006, 0.02187091826155056, 1.8853858331042805e-05, 7.900349262610802e-06, 0.0006941868467115067, -1.2753979122184906e-06, 7.226045530351253e-06, 2.7296798791895747e-06, 0.018698399616363628, -0.06514920660893493, -1.2753979122184906e-06, 0.08985474583313223, 0.001623948451301471, -0.030163139432991242, 0.00033491032124015194, -0.0011768213994962006, 7.226045530351253e-06, 0.001623948451301471, 3.5191690006681345e-05, -0.0005449962421627459, -0.006277466573972489, 0.02187091826155056, 2.7296798791895747e-06, -0.03016313943299124, -0.0005449962421627459, 0.010131476998686443)"
1745255557.3640451,6,1403636584,763555527,,0.5273435496765864,0.18687205468834905,-0.0873881946082508,0.047483962833259924,0.8049988746711658,0.046076943047303066,-0.5895752711666442,"(0.004753552742907444, -0.014018732307797719, 2.0310669679675643e-05, 0.01900473539451276, 0.0003594515054158337, -0.005990213557608291, -0.014018732307797719, 0.05015696415552978, 8.297431740659674e-06, -0.06708511306417453, -0.0012789876320525883, 0.021143715309034822, 2.0310669679675643e-05, 8.297431740659674e-06, 0.0007019068993920783, -1.3615887429110378e-06, 7.233507537923497e-06, 2.7840108413099575e-06, 0.01900473539451276, -0.06708511306417453, -1.3615887429110378e-06, 0.09094344896289824, 0.0017347343496102287, -0.028661911510817463, 0.0003594515054158337, -0.0012789876320525883, 7.233507537923497e-06, 0.001734734349610229, 3.893200620891549e-05, -0.0005465801919002104, -0.005990213557608291, 0.021143715309034822, 2.7840108413099575e-06, -0.028661911510817463, -0.0005465801919002104, 0.009039185230067526)"
1745255557.4135585,7,1403636584,813555479,,0.5310232513025859,0.18964889437062432,-0.04811571122592434,0.04837230401648375,0.8004666739437404,0.04758970974247133,-0.595523671768142,"(0.004844053721915246, -0.014488407238257313, 2.265954328278657e-05, 0.019291907446051214, 0.00037107886368920344, -0.0057631251282077404, -0.014488407238257313, 0.052447138238218, 8.521763617891845e-06, -0.0689338967659331, -0.0013356158916801478, 0.020591516172863134, 2.265954328278657e-05, 8.521763617891845e-06, 0.0007092541820635782, -1.4239782402170548e-06, 7.143617640666348e-06, 2.803984299368892e-06, 0.019291907446051214, -0.0689338967659331, -1.4239782402170548e-06, 0.09178602315141518, 0.0017792663437341965, -0.02741651286605728, 0.00037107886368920344, -0.0013356158916801478, 7.143617640666348e-06, 0.0017792663437341963, 4.0313303416481886e-05, -0.0005313289393173567, -0.0057631251282077404, 0.020591516172863134, 2.803984299368892e-06, -0.027416512866057275, -0.0005313289393173567, 0.008195342910920207)"
1745255557.5185938,8,1403636584,863555431,,0.5335433796081679,0.1914099313254253,-0.012595078688071507,0.05061558810110355,0.7968001681837301,0.04728734883308916,-0.6002594946053722,"(0.004907157510745486, -0.014920467111232705, 2.5927624861206646e-05, 0.019496136492638125, 0.0002932963215140104, -0.005575237314952601, -0.014920467111232705, 0.054822958472945944, 8.51541755913175e-06, -0.07074226956803409, -0.0010728592859899147, 0.020228509134051685, 2.5927624861206646e-05, 8.51541755913175e-06, 0.0007160444723656362, -1.4334133401280445e-06, 6.966191910496663e-06, 2.776147601078705e-06, 0.019496136492638125, -0.07074226956803409, -1.4334133401280445e-06, 0.09243159433510448, 0.0014026643196923818, -0.026429396376099614, 0.0002932963215140104, -0.0010728592859899147, 6.966191910496663e-06, 0.0014026643196923818, 2.707079797077626e-05, -0.0004009287321485828, -0.005575237314952601, 0.020228509134051685, 2.776147601078705e-06, -0.026429396376099614, -0.00040092873214858275, 0.007563096899455713)"
1745255557.542193,9,1403636584,913555384,,0.5366574513466956,0.1924474228989306,0.017633111045876965,0.05149815932778967,0.7944597922516552,0.046183473321828816,-0.6033644544330055,"(0.004961810786050239, -0.015335323554785252, 2.9669918774895682e-05, 0.019654605136414125, 0.00022697474584584235, -0.00546006868278539, -0.015335323554785252, 0.057211963514099504, 8.342540369464678e-06, -0.07244029944387899, -0.0008440334935426041, 0.020122475899453002, 2.9669918774895682e-05, 8.342540369464678e-06, 0.000722367986435306, -1.4343784756642228e-06, 6.740263822972528e-06, 2.7323576408642798e-06, 0.019654605136414125, -0.07244029944387899, -1.4343784756642228e-06, 0.09283467638354417, 0.0010824914459451793, -0.025786690676271356, 0.00022697474584584235, -0.0008440334935426041, 6.740263822972528e-06, 0.0010824914459451793, 1.837294910919002e-05, -0.0003005401489422591, -0.00546006868278539, 0.020122475899453002, 2.7323576408642798e-06, -0.02578669067627136, -0.0003005401489422591, 0.007168798707403086)"
1745255557.5793595,10,1403636584,963555574,,0.5394390072327196,0.19301239632308323,0.04078751147738516,0.054438850018975686,0.793380604911103,0.04538121568782206,-0.6045859513933476,"(0.005000500231045193, -0.01570768645067475, 3.359564947322511e-05, 0.019747713815050368, 0.00012467310986019625, -0.005423835711044394, -0.01570768645067475, 0.05954157483142814, 8.238051287228948e-06, -0.07397744897943735, -0.0004734679141580947, 0.02031676209796316, 3.359564947322511e-05, 8.238051287228948e-06, 0.0007280914758498628, -1.4393043174922422e-06, 6.4750080244257214e-06, 2.6852073625066586e-06, 0.019747713815050368, -0.07397744897943735, -1.4393043174922422e-06, 0.09299287262887536, 0.000596010253208511, -0.025538250630827493, 0.00012467310986019625, -0.0004734679141580947, 6.4750080244257214e-06, 0.000596010253208511, 9.540172312528079e-06, -0.00016353249887678665, -0.005423835711044394, 0.02031676209796316, 2.6852073625066586e-06, -0.025538250630827493, -0.00016353249887678665, 0.007019522388541211)"
1745255557.6463377,11,1403636585,13555527,,0.5417939306007873,0.1932705724225249,0.0557795882090428,0.05643481973177186,0.7939719167112926,0.046224865938032884,-0.603561901021469,"(0.005072926025192378, -0.016116342744445893, 3.8191386973387715e-05, 0.019891113420926792, 0.00010745335329752034, -0.00551464301495625, -0.016116342744445893, 0.061681183679750604, 8.264438079215357e-06, -0.07525707581420293, -0.00041135025650783954, 0.02086291627785003, 3.8191386973387715e-05, 8.264438079215357e-06, 0.0007327228474499093, -1.4566377829635694e-06, 6.082688829768364e-06, 2.651226252925742e-06, 0.019891113420926792, -0.07525707581420293, -1.4566377829635694e-06, 0.0928705614378737, 0.0005084408637010862, -0.0257450079933537, 0.00010745335329752034, -0.00041135025650783954, 6.082688829768364e-06, 0.0005084408637010862, 8.455284492796032e-06, -0.00014080567552758545, -0.00551464301495625, 0.02086291627785003, 2.651226252925742e-06, -0.0257450079933537, -0.00014080567552758545, 0.007142967709941453)"
1745255557.6776788,12,1403636585,63555479,,0.5449019332648573,0.19341538783848475,0.06194439027255227,0.05835965211543553,0.7953045327851405,0.04712448394496115,-0.6015514393211071,"(0.005140527721405512, -0.016493064723794724, 4.258642532358773e-05, 0.020007608324140915, 9.758378384327355e-05, -0.005651627868384684, -0.016493064723794724, 0.063659702728287, 8.32909577853048e-06, -0.0763608667822093, -0.000375533403560075, 0.02156880128461328, 4.258642532358773e-05, 8.32909577853048e-06, 0.0007365574502752917, -1.4660728181630415e-06, 5.6895975530002664e-06, 2.613808896019074e-06, 0.020007608324140915, -0.0763608667822093, -1.4660728181630415e-06, 0.09261903268797947, 0.0004562875894230032, -0.026160289165496422, 9.758378384327355e-05, -0.000375533403560075, 5.6895975530002664e-06, 0.0004562875894230032, 7.868375811235653e-06, -0.00012874473006137908, -0.005651627868384684, 0.02156880128461328, 2.613808896019074e-06, -0.026160289165496422, -0.00012874473006137908, 0.00739511346491797)"
1745255557.713147,13,1403636585,113555431,,0.5462043202255958,0.19328073433521276,0.06056086937556482,0.058851122179773944,0.7971792103528782,0.04708029052329928,-0.5990202819968493,"(0.005224198135298512, -0.016891116185807454, 4.6469097491969886e-05, 0.02015048981813935, 9.503217650010692e-05, -0.005829869296918383, -0.016891116185807454, 0.06557347295938996, 8.31191036250661e-06, -0.0773691647814154, -0.00036613662139949895, 0.022383373332552855, 4.6469097491969886e-05, 8.31191036250661e-06, 0.0007397829353663854, -1.4554710921508128e-06, 5.336518900195161e-06, 2.5717640788268405e-06, 0.02015048981813935, -0.0773691647814154, -1.4554710921508128e-06, 0.09228468256686335, 0.00043748776426627903, -0.02669767133317359, 9.503217650010692e-05, -0.00036613662139949895, 5.336518900195161e-06, 0.00043748776426627903, 7.635368371755333e-06, -0.00012643396507690602, -0.005829869296918383, 0.022383373332552855, 2.5717640788268405e-06, -0.02669767133317359, -0.00012643396507690602, 0.007729704400769578)"
1745255557.7641025,14,1403636585,163555384,,0.5442307145522199,0.19355103344112226,0.052014580266097406,0.06058676565787724,0.7993717901984357,0.048856947703303254,-0.5957742722904226,"(0.005301074516855524, -0.017260138235074482, 4.9573604428932274e-05, 0.02026655714248742, 0.00012509776651694048, -0.006033498831338343, -0.017260138235074482, 0.06736608801942406, 8.39002406970827e-06, -0.07824912426878135, -0.00048228286421840154, 0.02329506616538752, 4.9573604428932274e-05, 8.39002406970827e-06, 0.0007425698128460516, -1.438788468986622e-06, 5.016164051098441e-06, 2.5750195664097415e-06, 0.02026655714248742, -0.07824912426878135, -1.438788468986622e-06, 0.09186560763366222, 0.0005669311757897555, -0.0273477529777425, 0.00012509776651694048, -0.00048228286421840154, 5.016164051098441e-06, 0.0005669311757897554, 8.992023979128593e-06, -0.00016865016979955357, -0.006033498831338343, 0.02329506616538752, 2.5750195664097415e-06, -0.0273477529777425, -0.00016865016979955357, 0.008147402828166428)"
1745255557.8325202,15,1403636585,213555574,,0.5453444342148615,0.19405128573052174,0.042108341270622615,0.06181647704977356,0.8017533825169139,0.05156342621895078,-0.5922089579400204,"(0.005406163390784216, -0.017661916864017916, 5.251983026417632e-05, 0.02043484319538543, 0.00020273001179927562, -0.006268423871584576, -0.017661916864017916, 0.06902090893824558, 8.71610352138431e-06, -0.07901071193401972, -0.000781537844263948, 0.024236766115062862, 5.251983026417632e-05, 8.71610352138431e-06, 0.0007459849266831872, -1.4308532496015125e-06, 4.74593676438005e-06, 2.655200085504369e-06, 0.02043484319538543, -0.07901071193401972, -1.4308532496015125e-06, 0.09140150812725639, 0.0009047186401306705, -0.02803649573214622, 0.00020273001179927562, -0.000781537844263948, 4.74593676438005e-06, 0.0009047186401306705, 1.438866309611901e-05, -0.0002773939341692373, -0.006268423871584576, 0.024236766115062862, 2.655200085504369e-06, -0.02803649573214622, -0.0002773939341692373, 0.008606095251088852)"
1745255557.8628833,16,1403636585,263555527,,0.5455059651151403,0.19546651591469508,0.026282318261302513,0.06097538974689243,0.8042774267868066,0.05641440015138577,-0.5884192706412382,"(0.0055335609556351984, -0.01809438111638974, 5.464888029636099e-05, 0.020644641274284597, 0.00041192478859997073, -0.0065210224494242665, -0.01809438111638974, 0.07058373561615006, 9.207815630205506e-06, -0.07968884230823953, -0.0015864147503373235, 0.02517204072575031, 5.464888029636099e-05, 9.207815630205506e-06, 0.0007495461015175499, -1.399347473363133e-06, 4.525852035369423e-06, 2.8081805430171333e-06, 0.020644641274284597, -0.07968884230823953, -1.399347473363133e-06, 0.09090480341105725, 0.0018100935896105336, -0.028713523972573516, 0.00041192478859997073, -0.0015864147503373235, 4.525852035369423e-06, 0.0018100935896105334, 4.143044037713298e-05, -0.0005716390607958279, -0.0065210224494242665, 0.02517204072575031, 2.8081805430171333e-06, -0.028713523972573516, -0.0005716390607958279, 0.009075751156669644)"
1745255557.9321582,17,1403636585,313555479,,0.5468347862882856,0.19643519112989524,0.009018720673044923,0.06002845708507687,0.806501829192181,0.06051229390536843,-0.5850552504985846,"(0.005669208672072072, -0.018526549588768038, 5.608416028310662e-05, 0.02087197771257394, 0.0006017596045773733, -0.006761824110822002, -0.018526549588768038, 0.072019190896895, 9.682273247105526e-06, -0.08029552401187913, -0.002310201768579017, 0.026014165556462607, 5.608416028310662e-05, 9.682273247105526e-06, 0.0007539928828453873, -1.3786093693196957e-06, 4.437524900009074e-06, 2.945305038420766e-06, 0.02087197771257394, -0.08029552401187913, -1.3786093693196957e-06, 0.09044337172581908, 0.002602366385871454, -0.029300281235436265, 0.0006017596045773733, -0.002310201768579017, 4.437524900009074e-06, 0.002602366385871454, 8.024320869228934e-05, -0.0008429785445312715, -0.006761824110822002, 0.026014165556462607, 2.945305038420766e-06, -0.02930028123543627, -0.0008429785445312716, 0.009498410908504165)"
1745255557.9634798,18,1403636585,363555431,,0.551262223131151,0.1964050167295542,-0.010540026972365066,0.057216940768402245,0.8088803442882225,0.06459015938340705,-0.5816071884219606,"(0.005818618573702627, -0.018979289370483442, 5.722256433151128e-05, 0.021117693342427885, 0.000846203309749527, -0.007017057554494151, -0.018979289370483442, 0.07341471718504221, 1.0049570648645848e-05, -0.08084698046637674, -0.003233850028958402, 0.026865621538045326, 5.722256433151128e-05, 1.0049570648645848e-05, 0.000758721290623345, -1.363982750443286e-06, 4.385816897757074e-06, 3.1099198833975667e-06, 0.021117693342427885, -0.08084698046637674, -1.363982750443286e-06, 0.08993656368574844, 0.003597397687219868, -0.029884317887971593, 0.000846203309749527, -0.003233850028958402, 4.385816897757074e-06, 0.003597397687219868, 0.000149247405264532, -0.001195276251799257, -0.007017057554494151, 0.026865621538045326, 3.1099198833975667e-06, -0.029884317887971593, -0.001195276251799257, 0.009936258172971044)"
1745255558.0142148,19,1403636585,413555384,,0.5520256024585002,0.1952420357485454,-0.03181412834168971,0.05587111423919471,0.811512299488473,0.06666418041178657,-0.5778253139337413,"(0.005925505307918968, -0.019349832106296826, 5.818860985294779e-05, 0.02125927755538172, 0.0009828671884615729, -0.0072715942122253425, -0.019349832106296826, 0.07481102433901428, 1.0217524441887016e-05, -0.08135693004403012, -0.0037548437486328557, 0.027829498930684274, 5.818860985294779e-05, 1.0217524441887016e-05, 0.000763650787968361, -1.3386706809735023e-06, 4.390096621238143e-06, 3.254558947637629e-06, 0.02125927755538172, -0.08135693004403012, -1.3386706809735023e-06, 0.08936498077213618, 0.004124254191073089, -0.030566771757127197, 0.0009828671884615729, -0.0037548437486328557, 4.390096621238143e-06, 0.004124254191073089, 0.0001956923986387968, -0.0014106096123536688, -0.0072715942122253425, 0.027829498930684274, 3.254558947637629e-06, -0.030566771757127194, -0.0014106096123536688, 0.010461440232823575)"
1745255558.0832517,20,1403636585,463555574,,0.5587450680413536,0.19392788981133352,-0.056316956471093235,0.052921511705332484,0.8146935653014947,0.06505986035225324,-0.5737951924041425,"(0.005991982962758746, -0.019631614308104655, 5.8966375190369506e-05, 0.021304444208311905, 0.0010260210422807965, -0.007533304642329349, -0.019631614308104655, 0.0761143879256623, 9.967588470304093e-06, -0.08176669036881071, -0.003930542071691887, 0.02891492586133403, 5.8966375190369506e-05, 9.967588470304093e-06, 0.0007684911151273361, -1.2787025280675231e-06, 4.460524969501342e-06, 3.377561883975881e-06, 0.021304444208311905, -0.08176669036881071, -1.2787025280675231e-06, 0.08871331934699973, 0.004264181408579565, -0.0313692103850462, 0.0010260210422807965, -0.003930542071691887, 4.460524969501342e-06, 0.004264181408579564, 0.00021032118269413878, -0.0015077497986489524, -0.007533304642329349, 0.02891492586133403, 3.377561883975881e-06, -0.0313692103850462, -0.0015077497986489524, 0.01109850654100377)"
1745255558.1055975,21,1403636585,513555527,,0.5648582031570429,0.19318316936844443,-0.08025125258376703,0.05060304840062184,0.8181803623498258,0.06340773059697923,-0.5692097028848094,"(0.006011485753253234, -0.019866275242986318, 5.9540949193501335e-05, 0.02124013952135024, 0.0010473141993669602, -0.00778926123247684, -0.019866275242986318, 0.07774609875983744, 1.0116696876875746e-05, -0.08229546474406955, -0.00404948297742693, 0.03018230856546544, 5.9540949193501335e-05, 1.0116696876875746e-05, 0.0007746012413175567, -1.3004333653335432e-06, 4.67592341832537e-06, 3.460914274018108e-06, 0.02124013952135024, -0.08229546474406955, -1.3004333653335432e-06, 0.08796691515175048, 0.004328266829210093, -0.03225993806115776, 0.0010473141993669602, -0.00404948297742693, 4.67592341832537e-06, 0.004328266829210093, 0.00021833771930948557, -0.0015872393077533955, -0.00778926123247684, 0.03018230856546544, 3.460914274018108e-06, -0.03225993806115776, -0.0015872393077533955, 0.011836966953950045)"
1745255558.163105,22,1403636585,563555479,,0.5704609779683403,0.19106874631697274,-0.10448249943363416,0.04677621927842321,0.8220401020893945,0.058676421136847984,-0.5644635802861386,"(0.00602148374361603, -0.020089505971948692, 6.00338898937113e-05, 0.02114746462584401, 0.0009914226106275525, -0.008061122489122172, -0.020089505971948692, 0.07944777354625993, 9.938053971375348e-06, -0.08281213275000518, -0.00387303130160439, 0.03157012230327145, 6.00338898937113e-05, 9.938053971375348e-06, 0.0007807144242506654, -1.268982578803518e-06, 4.9411062631752456e-06, 3.512590497300326e-06, 0.02114746462584401, -0.08281213275000518, -1.268982578803518e-06, 0.08715530992002761, 0.0040759200583918445, -0.03322325494123745, 0.0009914226106275525, -0.00387303130160439, 4.9411062631752456e-06, 0.0040759200583918445, 0.0001960064087723983, -0.0015536778400838044, -0.008061122489122172, 0.03157012230327145, 3.512590497300326e-06, -0.03322325494123746, -0.0015536778400838047, 0.012670949537163096)"
1745255558.2208765,23,1403636585,613555431,,0.5777722600083262,0.1883761526761106,-0.12653100478772575,0.04358582455585182,0.8259724545629971,0.052437832561864295,-0.5595713126288537,"(0.005993532172196907, -0.020283917108165885, 6.0576713043814495e-05, 0.02097055046224165, 0.0008568023562325169, -0.008312438497220093, -0.020283917108165885, 0.081545257011045, 9.602230041857381e-06, -0.08349567002086775, -0.00340134935191758, 0.033100207344084955, 6.0576713043814495e-05, 9.602230041857381e-06, 0.0007867748412770834, -1.218190706924433e-06, 5.217543700653312e-06, 3.493462236503632e-06, 0.02097055046224165, -0.08349567002086775, -1.218190706924433e-06, 0.08630589030126018, 0.0035156813182402624, -0.03421151124361699, 0.0008568023562325169, -0.00340134935191758, 5.217543700653312e-06, 0.003515681318240262, 0.00014862334317064133, -0.001393563990846398, -0.008312438497220093, 0.033100207344084955, 3.493462236503632e-06, -0.03421151124361699, -0.0013935639908463982, 0.013567796516916315)"
1745255558.2698925,24,1403636585,663555384,,0.5858123664422168,0.18630946560716743,-0.1453489828052154,0.04173873991792914,0.8300695475297322,0.045220056164742256,-0.5542540666285695,"(0.005941969505611441, -0.020430120670321447, 6.0994450465867427e-05, 0.020735599816885136, 0.0006490417513578771, -0.008561445783313155, -0.020430120670321447, 0.08367506822870617, 9.046088642649515e-06, -0.0841276157763051, -0.0026223479265955504, 0.034739600144199745, 6.0994450465867427e-05, 9.046088642649515e-06, 0.0007926475485464045, -1.1519347747079561e-06, 5.49685696653727e-06, 3.4347535679182023e-06, 0.020735599816885136, -0.0841276157763051, -1.1519347747079561e-06, 0.08537233603742139, 0.0026611603567661367, -0.03525069792254337, 0.0006490417513578771, -0.0026223479265955504, 5.49685696653727e-06, 0.0026611603567661367, 8.838135862589786e-05, -0.0010987676764501054, -0.008561445783313155, 0.034739600144199745, 3.4347535679182023e-06, -0.03525069792254337, -0.0010987676764501054, 0.01456163934255789)"
1745255558.338403,25,1403636585,713555574,,0.5978290371448769,0.1846038904445706,-0.1589365278141758,0.040540298914019994,0.8342647172614588,0.03759279543330675,-0.5485851323433125,"(0.005869165727779947, -0.020538405171518895, 6.12924060455802e-05, 0.020447689019901977, 0.0004089859198730753, -0.008799957150984748, -0.020538405171518895, 0.08590614277922372, 8.616052954418337e-06, -0.08473872957559855, -0.0016829551193381085, 0.03647328951864941, 6.12924060455802e-05, 8.616052954418337e-06, 0.0007980992131707566, -1.1353630992655995e-06, 5.7409484272566975e-06, 3.2689604777059084e-06, 0.020447689019901977, -0.08473872957559855, -1.1353630992655995e-06, 0.08435253813844519, 0.0016754503442556975, -0.03630398888649293, 0.0004089859198730753, -0.0016829551193381085, 5.7409484272566975e-06, 0.0016754503442556975, 3.8709988611352766e-05, -0.0007210453134305674, -0.008799957150984748, 0.03647328951864941, 3.2689604777059084e-06, -0.03630398888649294, -0.0007210453134305674, 0.015631093295919656)"
1745255558.356565,26,1403636585,763555527,,0.6108874999115083,0.1834610637828807,-0.16907146311703325,0.04090538507563537,0.8385347027961613,0.03161722848399925,-0.5423897607268763,"(0.005816180386097399, -0.020673681963208557, 6.183402337825322e-05, 0.02018735048926672, 0.00019435411412393905, -0.009063907444518913, -0.020673681963208557, 0.0880862055761924, 8.112583249499385e-06, -0.08523805281063175, -0.0008076926275051209, 0.03827672529270205, 6.183402337825322e-05, 8.112583249499385e-06, 0.0008035858388324569, -1.0502107009009578e-06, 5.929672170036886e-06, 3.123686871313408e-06, 0.02018735048926672, -0.08523805281063175, -1.0502107009009578e-06, 0.08322364247423857, 0.0007889396381014956, -0.037368929289257044, 0.00019435411412393905, -0.0008076926275051209, 5.929672170036886e-06, 0.0007889396381014956, 1.2906731407096482e-05, -0.00035421748174430806, -0.009063907444518913, 0.03827672529270205, 3.123686871313408e-06, -0.037368929289257044, -0.00035421748174430806, 0.016785789423843806)"
1745255558.4138293,27,1403636585,813555479,,0.6215383187693265,0.18204019550122374,-0.17654419807698027,0.04201172045041884,0.8427811319809072,0.02482637940731052,-0.5360397651362264,"(0.005755885807871141, -0.02077595733298338, 6.245669261898228e-05, 0.019904059863813443, -6.712150358953853e-05, -0.009319464959126868, -0.02077595733298338, 0.09017308114210175, 7.490943470806338e-06, -0.08562448123696836, 0.0003027521958993172, 0.04009781061366644, 6.245669261898228e-05, 7.490943470806338e-06, 0.0008087400517485757, -9.100694253721535e-07, 6.072030193440186e-06, 2.9291262593002733e-06, 0.019904059863813443, -0.08562448123696836, -9.100694253721535e-07, 0.08202428237266467, -0.0002894986936508321, -0.03840853944730697, -6.712150358953853e-05, 0.0003027521958993172, 6.072030193440186e-06, -0.0002894986936508321, 6.434013481299436e-06, 0.00013558831406154976, -0.009319464959126868, 0.04009781061366644, 2.9291262593002733e-06, -0.03840853944730697, 0.00013558831406154976, 0.01799161692567081)"
1745255558.466069,28,1403636585,863555431,,0.6335767744824281,0.17945315182581234,-0.18232179893411132,0.043140722021773645,0.8475439088615349,0.01934716727255881,-0.5286150657838633,"(0.005690171513126218, -0.02086421461229467, 6.308732939554676e-05, 0.019583729713759608, -0.0002762815139608786, -0.009605366899384928, -0.02086421461229467, 0.09229273984118518, 6.941507287681508e-06, -0.08587596580121473, 0.001226771706105193, 0.042127953861565495, 6.308732939554676e-05, 6.941507287681508e-06, 0.0008136888757525217, -7.209357757889751e-07, 6.167336683780969e-06, 2.736475534079856e-06, 0.019583729713759608, -0.08587596580121473, -7.209357757889751e-07, 0.08060028907988649, -0.001150733959638415, -0.039536473667538825, -0.0002762815139608786, 0.001226771706105193, 6.167336683780969e-06, -0.001150733959638415, 2.1815328228867e-05, 0.0005644922457422292, -0.009605366899384928, 0.042127953861565495, 2.736475534079856e-06, -0.039536473667538825, 0.0005644922457422292, 0.019400218057604956)"
1745255558.5151956,29,1403636585,913555384,,0.6428474210069636,0.1775948994618236,-0.18532184304248622,0.04460859330575671,0.8522915662068947,0.015184853856077027,-0.5209400923227637,"(0.005626015242629214, -0.020937322350358455, 6.427757726060327e-05, 0.019259233096495697, -0.00044231527517060384, -0.009890096352192596, -0.020937322350358455, 0.09429849377540088, 6.391009783169399e-06, -0.08599954891234617, 0.001992348110192279, 0.04417172774838404, 6.427757726060327e-05, 6.391009783169399e-06, 0.0008184613516429707, -4.970675260099863e-07, 6.145522097863059e-06, 2.5674352640265513e-06, 0.019259233096495697, -0.08599954891234617, -4.970675260099863e-07, 0.07910306430040333, -0.001831799352662788, -0.040625975127496786, -0.00044231527517060384, 0.001992348110192279, 6.145522097863059e-06, -0.001831799352662788, 4.774004409956872e-05, 0.0009408161358484821, -0.009890096352192596, 0.04417172774838404, 2.5674352640265513e-06, -0.040625975127496786, 0.0009408161358484821, 0.020871462848062197)"
1745255558.5632339,30,1403636585,963555574,,0.6509375696998053,0.1765714517602905,-0.18538776041357907,0.047088125413484595,0.8577241216390854,0.013795229878579252,-0.51176335472179,"(0.005562335273036791, -0.020997913920616337, 6.575372817862609e-05, 0.01889881418558435, -0.0005233394721277722, -0.01022584229520377, -0.020997913920616337, 0.09624894509341139, 5.951674101929284e-06, -0.08589909043027519, 0.0023977311144299835, 0.04648856242796648, 6.575372817862609e-05, 5.951674101929284e-06, 0.0008235629995750479, -2.9322125344910255e-07, 6.10610511964126e-06, 2.4890620301171744e-06, 0.01889881418558435, -0.08589909043027519, -2.9322125344910255e-07, 0.07731010259706735, -0.002157154572972498, -0.041836508253130046, -0.0005233394721277722, 0.0023977311144299835, 6.10610511964126e-06, -0.002157154572972498, 6.545835240016064e-05, 0.0011673947127298673, -0.01022584229520377, 0.04648856242796648, 2.4890620301171744e-06, -0.041836508253130046, 0.0011673947127298675, 0.022646685067423625)"
1745255558.6181862,31,1403636586,13555527,,0.6575965619074425,0.17576678796671855,-0.1833441017189753,0.05110302036339834,0.8636707285182424,0.014846898221884161,-0.5012393875422158,"(0.005522322516276228, -0.02107636997445899, 6.740297416392837e-05, 0.01855123727495286, -0.0005429784920261884, -0.01062969946949197, -0.02107636997445899, 0.097922791697244, 5.528330307128814e-06, -0.0854766285515266, 0.0025224061548804752, 0.04898860959696171, 6.740297416392837e-05, 5.528330307128814e-06, 0.0008290277098250326, -1.112726269783036e-07, 6.073599592643077e-06, 2.508482216077225e-06, 0.01855123727495286, -0.0854766285515266, -1.112726269783036e-07, 0.07523626094582256, -0.002219348786487784, -0.043115718688064686, -0.0005429784920261884, 0.0025224061548804752, 6.073599592643077e-06, -0.0022193487864877845, 7.069920963173089e-05, 0.00127190033848761, -0.01062969946949197, 0.04898860959696171, 2.508482216077225e-06, -0.043115718688064686, 0.00127190033848761, 0.024715316541597296)"
1745255558.681648,32,1403636586,63555479,,0.6624943215112375,0.17513068270829943,-0.18080924605791035,0.05570739384769818,0.8696994640336576,0.01979404026612061,-0.49002828948970834,"(0.005472650903207287, -0.021113887551516584, 6.901575285072435e-05, 0.01816661254030048, -0.0004242947786747071, -0.011029776615706486, -0.021113887551516584, 0.09946611512926186, 5.0699029510750875e-06, -0.08488263013119164, 0.0020041882715396476, 0.05154880151618977, 6.901575285072435e-05, 5.0699029510750875e-06, 0.0008347721037371253, 4.7656943685443155e-08, 6.041010252981674e-06, 2.6451196997030775e-06, 0.01816661254030048, -0.08488263013119164, 4.7656943685443155e-08, 0.07303753852373336, -0.0017236779099548843, -0.044351221900788176, -0.0004242947786747071, 0.0020041882715396476, 6.041010252981674e-06, -0.0017236779099548843, 4.5891625785044015e-05, 0.0010467373246207563, -0.011029776615706486, 0.05154880151618977, 2.6451196997030775e-06, -0.04435122190078818, 0.0010467373246207563, 0.02693893849266473)"
1745255558.702022,33,1403636586,113555431,,0.6671273078392856,0.17311294901151073,-0.1774102012211054,0.06111072932474016,0.8746900335000443,0.023430678849140595,-0.4802435083848175,"(0.005420716067512149, -0.021124554342308272, 7.065613850487823e-05, 0.017805102990586685, -0.0003694134887957021, -0.01135280033031912, -0.021124554342308272, 0.10085034683218275, 4.4971602697450736e-06, -0.08431688400074464, 0.0017720778897409193, 0.05377562733045742, 7.065613850487823e-05, 4.4971602697450736e-06, 0.0008406258105459221, 2.057524234897427e-07, 6.0140663004998535e-06, 2.766617252702481e-06, 0.017805102990586685, -0.08431688400074464, 2.057524234897427e-07, 0.07107379920764267, -0.001492954736041412, -0.04532515832523752, -0.0003694134887957021, 0.0017720778897409193, 6.0140663004998535e-06, -0.0014929547360414122, 3.6551899551889394e-05, 0.0009521495666850609, -0.01135280033031912, 0.05377562733045742, 2.766617252702481e-06, -0.04532515832523753, 0.000952149566685061, 0.028912108904666656)"
1745255558.782292,34,1403636586,163555384,,0.6704571582347486,0.16999513354894039,-0.1729049377215495,0.0660630795370348,0.878974737680306,0.02610801902579727,-0.4715479311633858,"(0.00529096594451163, -0.02094151018687922, 7.22401150935138e-05, 0.017311978394029273, -0.0003364888353877955, -0.011517236225876642, -0.02094151018687922, 0.10220841264026823, 3.866910784288903e-06, -0.0838193100039533, 0.0016530863638412874, 0.05577811171802711, 7.22401150935138e-05, 3.866910784288903e-06, 0.0008465442878831723, 3.4206277877342525e-07, 5.996326929563967e-06, 2.863719164983995e-06, 0.017311978394029273, -0.0838193100039533, 3.4206277877342525e-07, 0.06930034056561385, -0.0013659985606779888, -0.04611193889105968, -0.0003364888353877955, 0.0016530863638412874, 5.996326929563967e-06, -0.0013659985606779888, 3.209078621929572e-05, 0.0009089996108455026, -0.011517236225876642, 0.05577811171802711, 2.863719164983995e-06, -0.04611193889105968, 0.0009089996108455025, 0.03069011474280709)"
1745255558.803443,35,1403636586,213555574,,0.6758837122818254,0.16604779631959818,-0.16775410007220487,0.0694167648049293,0.8828721552077902,0.026273760224205616,-0.46371085802086826,"(0.005144231042983268, -0.020693963729605733, 7.387969986542237e-05, 0.016800287771589775, -0.00036246232322786263, -0.011611152719854176, -0.020693963729605733, 0.10344717099196227, 3.2472882048757734e-06, -0.08331825561239621, 0.0018229480802620555, 0.05759967064509137, 7.387969986542237e-05, 3.2472882048757734e-06, 0.00085260680361635, 4.6312720442645876e-07, 6.002828005316795e-06, 2.8954558685271256e-06, 0.016800287771589775, -0.08331825561239621, 4.6312720442645876e-07, 0.06765136940009331, -0.0014794755509447749, -0.04676429966789201, -0.00036246232322786263, 0.0018229480802620555, 6.002828005316795e-06, -0.0014794755509447749, 3.7489385153767e-05, 0.0010227889617391574, -0.011611152719854176, 0.05759967064509137, 2.8954558685271256e-06, -0.04676429966789201, 0.0010227889617391574, 0.03233379111333712)"
1745255558.8778167,36,1403636586,263555527,,0.6829638798556257,0.16240002874275813,-0.16318188105679088,0.07119688323872946,0.8871521452847713,0.025592236989816865,-0.45523303080903066,"(0.004979937599377133, -0.020403933905746602, 7.550888269119836e-05, 0.016231707638939174, -0.0003832914940373965, -0.011684322815574391, -0.020403933905746602, 0.10484371947454688, 2.611625912842399e-06, -0.08275154749006863, 0.001980802971310621, 0.059585117940360026, 7.550888269119836e-05, 2.611625912842399e-06, 0.0008587586498687873, 5.740698554352691e-07, 6.006334310438305e-06, 2.9039638538017545e-06, 0.016231707638939174, -0.08275154749006863, 5.740698554352691e-07, 0.06584168980687456, -0.0015754168940615482, -0.04740458566131439, -0.0003832914940373965, 0.001980802971310621, 6.006334310438305e-06, -0.0015754168940615482, 4.279215622688176e-05, 0.001134383315741757, -0.011684322815574391, 0.059585117940360026, 2.9039638538017545e-06, -0.04740458566131439, 0.001134383315741757, 0.03413826554806096)"
1745255558.9021623,37,1403636586,313555479,,0.69086413834035,0.15864951577609107,-0.1591642616314237,0.07416085186860487,0.8913809129765894,0.02424605829451123,-0.4464889300848612,"(0.004852628103334793, -0.020194699774519567, 7.706715316953169e-05, 0.015726267781918893, -0.0004471501442101868, -0.011800080863105506, -0.020194699774519567, 0.10624611824717532, 1.924959077232998e-06, -0.08209543118528087, 0.002362026831885067, 0.06161682800445648, 7.706715316953169e-05, 1.924959077232998e-06, 0.0008649356387592382, 6.958464807585742e-07, 5.990271122948143e-06, 2.8856887171719416e-06, 0.015726267781918893, -0.08209543118528087, 6.958464807585742e-07, 0.06394293590437439, -0.0018392042916144187, -0.04798772841297089, -0.0004471501442101868, 0.002362026831885067, 5.990271122948143e-06, -0.0018392042916144187, 5.794922291623326e-05, 0.0013804338964722668, -0.011800080863105506, 0.06161682800445648, 2.8856887171719416e-06, -0.04798772841297089, 0.0013804338964722668, 0.036021948075140454)"
1745255558.9656885,38,1403636586,363555431,,0.6995446310476322,0.15777858382871296,-0.15590286236912965,0.07654148575059935,0.8956643149069748,0.022904590197809886,-0.4374953893576257,"(0.004736146092236191, -0.02001595331019657, 7.837186672047306e-05, 0.015234420505930822, -0.0004969385396691623, -0.01192084384943012, -0.02001595331019657, 0.1077935731703998, 1.4009396881584193e-06, -0.08141405622746721, 0.0026837203955439666, 0.06372340079702472, 7.837186672047306e-05, 1.4009396881584193e-06, 0.0008712158533913962, 7.890398912282175e-07, 5.988880216069011e-06, 2.8388929871751966e-06, 0.015234420505930822, -0.08141405622746721, 7.890398912282175e-07, 0.06197921976353499, -0.0020425445718247064, -0.04850680039040524, -0.0004969385396691623, 0.0026837203955439666, 5.988880216069011e-06, -0.0020425445718247064, 7.232679295662656e-05, 0.0015987217727365334, -0.01192084384943012, 0.06372340079702472, 2.8388929871751966e-06, -0.04850680039040524, 0.0015987217727365334, 0.03797141035902694)"
